 System MgO-SiO2  open oxide-slag database assess  (provenance: data/mgo-sio2/PROVENANCE.md)
    3    1    2    0
 Mg                       Si                       O
   24.305000000              28.085000000              15.999400000
    6   1   2   3   4   5   6
    6   1   2   3   4   5   6
 MgO-SiO2-liquid
 SUBQ
   2   2
 MgO
   1   1   1.0   0.0   1.0
  6000.0000   -5.42774032E+05   2.78701951E+02   -4.82425000E+01   -1.95300950E-03   0.00000000E+00   5.54100000E+05
  1.00000   1.00000   0.00000   0.00000   0.00000
  1.3774438
 SiO2
   1   1   0.0   1.0   2.0
  6000.0000   -9.34425989E+05   4.62678970E+02   -7.27500000E+01   -6.50000000E-04   0.00000000E+00   2.06600000E+06
  1.00000   2.00000   0.00000   0.00000   0.00000
  1.3774438
   2   1
 Mg+2                     Si+4
 O
  2.00000      4.00000
   1   1
  2.00000
   1
   1   2
   1   1
   1   1   3   3   1.3774438   1.3774438   1.3774438   1.3774438
   2   2   3   3   2.7548876   2.7548876   1.3774438   1.3774438
   1
 Q   1   2   3   3   0   0   0   0
  0.00000000   0.00000000   0.00000000   0.00000000   0.00000000   0.00000000
  0.00000000   0.00000000   0.00000000   0.00000000   0.00000000   0.00000000
   0   0   -4.44688000E+04   -1.60000000E+00   0.00000000E+00   0.00000000E+00   0.00000000E+00   0.00000000E+00
   1
 Q   1   2   3   3   0   1   0   0
  0.00000000   0.00000000   0.00000000   0.00000000   0.00000000   0.00000000
  0.00000000   0.00000000   0.00000000   0.00000000   0.00000000   0.00000000
   0   0   -5.08642000E+04   -3.00000000E-01   0.00000000E+00   0.00000000E+00   0.00000000E+00   0.00000000E+00
   1
 Q   1   2   3   3   0   3   0   0
  0.00000000   0.00000000   0.00000000   0.00000000   0.00000000   0.00000000
  0.00000000   0.00000000   0.00000000   0.00000000   0.00000000   0.00000000
   0   0   1.44820000E+03   -7.00000000E-01   0.00000000E+00   0.00000000E+00   0.00000000E+00   0.00000000E+00
   1
 Q   1   2   3   3   0   5   0   0
  0.00000000   0.00000000   0.00000000   0.00000000   0.00000000   0.00000000
  0.00000000   0.00000000   0.00000000   0.00000000   0.00000000   0.00000000
   0   0   1.16056400E+05   -1.08000000E+01   0.00000000E+00   0.00000000E+00   0.00000000E+00   0.00000000E+00
   1
 Q   1   2   3   3   0   7   0   0
  0.00000000   0.00000000   0.00000000   0.00000000   0.00000000   0.00000000
  0.00000000   0.00000000   0.00000000   0.00000000   0.00000000   0.00000000
   0   0   -1.17750000E+03   -3.00000000E-01   0.00000000E+00   0.00000000E+00   0.00000000E+00   0.00000000E+00
   0
