 System CaO-SiO2  open oxide-slag database v0.2  (provenance: data/cao-sio2/PROVENANCE.md)
    3    1    2    0
 Ca                       Si                       O
   40.078000000              28.085000000              15.999400000
    6   1   2   3   4   5   6
    6   1   2   3   4   5   6
 CaO-SiO2-liquid
 SUBQ
   2   2
 CaO
   1   1   1.0   0.0   1.0
  6000.0000   -5.74300357E+05   2.90308800E+02   -5.18500000E+01   -1.22200000E-03   0.00000000E+00   4.67000000E+05
  1.00000   1.00000   0.00000   0.00000   0.00000
  1.3774438
 SiO2
   1   1   0.0   1.0   2.0
  6000.0000   -9.34425989E+05   4.62678970E+02   -7.27500000E+01   -6.50000000E-04   0.00000000E+00   2.06600000E+06
  1.00000   2.00000   0.00000   0.00000   0.00000
  1.3774438
   2   1
 Ca+2                     Si+4
 O
  2.00000      4.00000
   1   1
  2.00000
   1
   1   2
   1   1
   1   1   3   3   1.3774438   1.3774438   1.3774438   1.3774438
   2   2   3   3   2.7548876   2.7548876   1.3774438   1.3774438
   1
 Q   1   2   3   3   0   0   0   0
  0.00000000   0.00000000   0.00000000   0.00000000   0.00000000   0.00000000
  0.00000000   0.00000000   0.00000000   0.00000000   0.00000000   0.00000000
   0   0   -8.49894865E+04   0.00000000E+00   0.00000000E+00   0.00000000E+00   0.00000000E+00   0.00000000E+00
   1
 Q   1   2   3   3   1   0   0   0
  0.00000000   0.00000000   0.00000000   0.00000000   0.00000000   0.00000000
  0.00000000   0.00000000   0.00000000   0.00000000   0.00000000   0.00000000
   0   0   5.87207181E+04   0.00000000E+00   0.00000000E+00   0.00000000E+00   0.00000000E+00   0.00000000E+00
   0
