 System NaCl-KCl  open oxide-slag database v0.1 (provenance: H&K 1965 mixing enthalpy (liquid) + evaluated solvus consolute (halite); liquidus minimum is validation only; see PROVENANCE.md)
    3    2    2    2    0
 Na                       K                       Cl
   22.990000000              39.098000000              35.453000000
    6   1   2   3   4   5   6
    6   1   2   3   4   5   6
 NaCl-KCl-liquid
 SUBQ
   2   2
 NaCl
   1   1   1.0   0.0   1.0
  6000.0000   -3.956809949185E+05   1.829407355175E+02   -4.119610000000E+01   -1.140059500000E-02   0.000000000000E+00   -1.232940000000E+05
  1.00000   1.00000   0.00000   0.00000   0.00000
  1.3774438
 KCl
   1   1   0.0   1.0   1.0
  6000.0000   -4.224334810225E+05   1.694367694345E+02   -4.052540000000E+01   -1.249404000000E-02   0.000000000000E+00   -1.491950000000E+05
  1.00000   1.00000   0.00000   0.00000   0.00000
  1.3774438
   2   1
 Na+1                     K+1
 Cl
  1.00000      1.00000
   1   1
  1.00000
   1
   1   2
   1   1
   1   1   3   3   6.0000000   6.0000000   6.0000000   6.0000000
   2   2   3   3   6.0000000   6.0000000   6.0000000   6.0000000
   1
 Q   1   2   3   3   0   0   0   0
  0.00000000   0.00000000   0.00000000   0.00000000   0.00000000   0.00000000
  0.00000000   0.00000000   0.00000000   0.00000000   0.00000000   0.00000000
   0   0   -7.151000000000E+02   0.000000000000E+00   0.000000000000E+00   0.000000000000E+00   0.000000000000E+00   0.000000000000E+00
   0
 HALITE
 SUBL
 KCL_S
   1   1   0.0   1.0   1.0
   6000.0000   -4.4875048102E+05   1.9464462384E+02   -4.0525400000E+01   -1.2494040000E-02   0.0000000000E+00   -1.4919500000E+05
 NACL_S
   1   1   1.0   0.0   1.0
   6000.0000   -4.2388099492E+05   2.0919405209E+02   -4.1196100000E+01   -1.1400595000E-02   0.0000000000E+00   -1.2329400000E+05
   2
   1.000000   1.000000
   2   1
   K   NA
   CL
   1   2
   1   1
   3   1   2   3
   1
   1.2773566350E+04   0.0000000000E+00   0.0000000000E+00   0.0000000000E+00   0.0000000000E+00   0.0000000000E+00
   0
