 System LiCl-KCl  open oxide-slag database v0.1 (provenance: TKV/Barin endmembers + eutectic from the pyroprocessing literature; see PROVENANCE.md)
    3    1    2    2
 Li                       K                       Cl
   6.940000000              39.098000000              35.453000000
    6   1   2   3   4   5   6
    6   1   2   3   4   5   6
 LiCl-KCl-liquid
 SUBQ
   2   2
 LiCl
   1   1   1.0   0.0   1.0
  6000.0000   -4.030508975729E+05   2.174276616860E+02   -4.360240000000E+01   -1.035660500000E-02   0.000000000000E+00   7.755000000000E+04
  1.00000   1.00000   0.00000   0.00000   0.00000
  1.3774438
 KCl
   1   1   0.0   1.0   1.0
  6000.0000   -4.224334810225E+05   1.694367694345E+02   -4.052540000000E+01   -1.249404000000E-02   0.000000000000E+00   -1.491950000000E+05
  1.00000   1.00000   0.00000   0.00000   0.00000
  1.3774438
   2   1
 Li+1                     K+1
 Cl
  1.00000      1.00000
   1   1
  1.00000
   1
   1   2
   1   1
   1   1   3   3   6.0000000   6.0000000   6.0000000   6.0000000
   2   2   3   3   6.0000000   6.0000000   6.0000000   6.0000000
   1
 Q   1   2   3   3   0   0   0   0
  0.00000000   0.00000000   0.00000000   0.00000000   0.00000000   0.00000000
  0.00000000   0.00000000   0.00000000   0.00000000   0.00000000   0.00000000
   0   0   -9.467280000000E+03   7.920000000000E+00   0.000000000000E+00   0.000000000000E+00   0.000000000000E+00   0.000000000000E+00
   1
 Q   1   2   3   3   1   0   0   0
  0.00000000   0.00000000   0.00000000   0.00000000   0.00000000   0.00000000
  0.00000000   0.00000000   0.00000000   0.00000000   0.00000000   0.00000000
   0   0   -1.112460000000E+03   0.000000000000E+00   0.000000000000E+00   0.000000000000E+00   0.000000000000E+00   0.000000000000E+00
   0
 LiCl_solid
   1   1   1.000000   0.000000   1.000000
  6000.0000   -4.227988975729E+05   2.397923275977E+02   -4.360240000000E+01   -1.035660500000E-02   0.000000000000E+00   7.755000000000E+04
 KCl_solid
   1   1   0.000000   1.000000   1.000000
  6000.0000   -4.487504810225E+05   1.946446238406E+02   -4.052540000000E+01   -1.249404000000E-02   0.000000000000E+00   -1.491950000000E+05
