 Clinopyroxene (Ca)(Mg,Fe)(Si2O6) CEF - open model, provenance data/clinopyroxene/PROVENANCE.md
   5   1   2   0
   CA   FE   MG   SI   O
   40.078000   55.845000   24.305000   28.085000   15.999400
   6   1   2   3   4   5   6
   6   1   2   3   4   5   6
 CLINOPYROXENE
 SUBL
 HEDENBERGITE
   4   1   1.0   1.0   0.0   2.0   6.0
   6000.0000   -2.8684903368E+06   2.1614589305E+03   -3.1116110000E+02   -6.0430850000E-03   -2.5608333333E-08   9.1685000000E+05
   1   -8.2088456000E+03   5.0000000000E-01
 DIOPSIDE
   4   1   1.0   0.0   1.0   2.0   6.0
   6000.0000   -3.1701627694E+06   3.5363953680E+03   -4.7030130000E+02   4.9329400000E-02   -4.6885000000E-06   -1.2330000000E+05
   1   -1.9296198400E+04   5.0000000000E-01
   4
   1.000000   1.000000   2.000000   6.000000
   1   2   1   1
   CA
   FE   MG
   SI
   O
   1   1
   1   2
   1   1
   1   1
   5   1   2   3   4   5
   2
   -5.7600000000E+02   0.0000000000E+00   0.0000000000E+00   0.0000000000E+00   0.0000000000E+00   0.0000000000E+00
   3.4417000000E+03   0.0000000000E+00   0.0000000000E+00   0.0000000000E+00   0.0000000000E+00   0.0000000000E+00
   0
