 Spinel-hercynite (Mg,Fe)Al2O4 CEF - open model, provenance data/spinel/PROVENANCE.md
   4   1   2   0
   FE   MG   AL   O
   55.845000   24.305000   26.982000   15.999400
   6   1   2   3   4   5   6
   6   1   2   3   4   5   6
 SPINEL
 SUBL
 HERCYNITE
   1   1   1.0   0.0   2.0   4.0
   6000.0000   -2.0455003630E+06   1.0309949572E+03   -1.6568120000E+02   -1.0255081500E-02   0.0000000000E+00   1.9097855000E+06
 SPINEL_MG
   1   1   0.0   1.0   2.0   4.0
   6000.0000   -2.3785274487E+06   1.0434613637E+03   -1.6326070000E+02   -7.8524495000E-03   0.0000000000E+00   2.3071950000E+06
   3
   1.000000   2.000000   4.000000
   2   1   1
   FE   MG
   AL
   O
   1   2
   1   1
   1   1
   4   1   2   3   4
   2
   -3.4111000000E+03   0.0000000000E+00   0.0000000000E+00   0.0000000000E+00   0.0000000000E+00   0.0000000000E+00
   -2.3733000000E+03   0.0000000000E+00   0.0000000000E+00   0.0000000000E+00   0.0000000000E+00   0.0000000000E+00
   0
