 Olivine + orthopyroxene (Mg,Fe) CEF - open model, provenance data/olivine-opx/PROVENANCE.md
   4   2   2   2   0
   FE   MG   SI   O
   55.845000   24.305000   28.085000   15.999400
   6   1   2   3   4   5   6
   6   1   2   3   4   5   6
 OLIVINE
 SUBL
 FAYALITE
   1   1   2.0   0.0   1.0   4.0
   6000.0000   -1.5435509474E+06   1.0482576562E+03   -1.7602000000E+02   4.4040000000E-03   -4.1183333333E-06   1.9445000000E+06
 FORSTERITE
   4   1   0.0   2.0   1.0   4.0
   6000.0000   -2.2442625994E+06   4.3908104261E+02   -8.7360000000E+01   -4.3585000000E-02   3.7283333333E-06   1.8495000000E+06
   1   3.3744000000E+03   5.0000000000E-01
   3
   2.000000   1.000000   4.000000
   2   1   1
   FE   MG
   SI
   O
   1   2
   1   1
   1   1
   4   1   2   3   4
   2
   1.2552000000E+04   0.0000000000E+00   0.0000000000E+00   0.0000000000E+00   0.0000000000E+00   0.0000000000E+00
   4.1840000000E+03   0.0000000000E+00   0.0000000000E+00   0.0000000000E+00   0.0000000000E+00   0.0000000000E+00
   0
 ORTHOPYROXENE
 SUBL
 FE2SI2O6
   1   1   2.0   0.0   2.0   6.0
   6000.0000   -2.4884723354E+06   1.5224933073E+03   -2.4860000000E+02   -1.4540000000E-02   -0.0000000000E+00   3.3780000000E+06
 MG2SI2O6
   4   2   0.0   2.0   2.0   6.0
   1360.0000   -2.9796837051E+06   5.4578496284E+03   -7.0140000000E+02   1.4720000000E-01   -1.9420000000E-05   -1.7690000000E+06
   1   -3.4368000000E+04   5.0000000000E-01
   6000.0000   -3.0229479672E+06   5.4896615859E+03   -7.0140000000E+02   1.4720000000E-01   -1.9420000000E-05   -1.7690000000E+06
   1   -3.4368000000E+04   5.0000000000E-01
   3
   2.000000   2.000000   6.000000
   2   1   1
   FE   MG
   SI
   O
   1   2
   1   1
   1   1
   4   1   2   3   4
   1
   7.9496000000E+03   0.0000000000E+00   0.0000000000E+00   0.0000000000E+00   0.0000000000E+00   0.0000000000E+00
   0
