 System FeO-SiO2  open iron-silicate slag database v0.3 (provenance: data/feo-sio2/PROVENANCE.md)
    3    1    2    0
 Fe                       Si                       O
   55.845000000              28.085000000              15.999400000
    6   1   2   3   4   5   6
    6   1   2   3   4   5   6
 FeO-SiO2-liquid
 SUBQ
   2   2
 FeO
   1   2   1.0   0.0   1.0
  1650.0000   -1.492857754984E+05   1.985030345860E+02   -5.066300000000E+01   -4.355641500000E-03   0.000000000000E+00   1.566905000000E+05
  6000.0000   -2.645294463544E+05   2.683476835896E+02   -5.066300000000E+01   -4.355641500000E-03   0.000000000000E+00   1.566905000000E+05
  1.00000   1.00000   0.00000   0.00000   0.00000
  1.3774438
 SiO2
   1   1   0.0   1.0   2.0
  6000.0000   -9.344259891327E+05   4.626789704776E+02   -7.275000000000E+01   -6.500000000000E-04   0.000000000000E+00   2.066000000000E+06
  1.00000   2.00000   0.00000   0.00000   0.00000
  1.3774438
   2   1
 Fe+2                     Si+4
 O
  2.00000      4.00000
   1   1
  2.00000
   1
   1   2
   1   1
   1   1   3   3   1.3774438   1.3774438   1.3774438   1.3774438
   2   2   3   3   2.7548876   2.7548876   1.3774438   1.3774438
   1
 Q   1   2   3   3   0   0   0   0
  0.00000000   0.00000000   0.00000000   0.00000000   0.00000000   0.00000000
  0.00000000   0.00000000   0.00000000   0.00000000   0.00000000   0.00000000
   0   0   -4.283942808976E+04   1.782976580112E+01   0.000000000000E+00   0.000000000000E+00   0.000000000000E+00   0.000000000000E+00
   1
 Q   1   2   3   3   1   0   0   0
  0.00000000   0.00000000   0.00000000   0.00000000   0.00000000   0.00000000
  0.00000000   0.00000000   0.00000000   0.00000000   0.00000000   0.00000000
   0   0   0.000000000000E+00   0.000000000000E+00   0.000000000000E+00   0.000000000000E+00   0.000000000000E+00   0.000000000000E+00
   0
