 System SiO2-AlO1.5  open oxide-slag database v0.1 (provenance: R&W 1915 silica-side eutectic + R&H 1995 mullite + shipped-system endmembers; see PROVENANCE.md)
    3    1    2    3
 Si                       Al                       O
   28.085000000              26.982000000              15.999400000
    6   1   2   3   4   5   6
    6   1   2   3   4   5   6
 SiO2-AlO1.5-liquid
 SUBQ
   2   2
 SiO2
   1   1   1.0   0.0   2.0
  6000.0000   -9.344259891327E+05   4.626789704776E+02   -7.275000000000E+01   -6.500000000000E-04   0.000000000000E+00   2.066000000000E+06
  1.00000   2.00000   0.00000   0.00000   0.00000
  1.3774438
 AlO1.5
   1   1   0.0   1.0   1.5
  6000.0000   -8.055919583128E+05   3.474636186782E+02   -5.750910000000E+01   -2.949720000000E-03   0.000000000000E+00   8.765475000000E+05
  1.00000   1.50000   0.00000   0.00000   0.00000
  1.3774438
   2   1
 Si+4                     Al+3
 O
  4.00000      3.00000
   1   1
  2.00000
   1
   1   2
   1   1
   1   1   3   3   2.7548876   2.7548876   1.3774438   1.3774438
   2   2   3   3   2.0661657   2.0661657   1.3774438   1.3774438
   1
 Q   1   2   3   3   0   0   0   0
  0.00000000   0.00000000   0.00000000   0.00000000   0.00000000   0.00000000
  0.00000000   0.00000000   0.00000000   0.00000000   0.00000000   0.00000000
   0   0   9.317300000000E+03   0.000000000000E+00   0.000000000000E+00   0.000000000000E+00   0.000000000000E+00   0.000000000000E+00
   1
 Q   1   2   3   3   5   0   0   0
  0.00000000   0.00000000   0.00000000   0.00000000   0.00000000   0.00000000
  0.00000000   0.00000000   0.00000000   0.00000000   0.00000000   0.00000000
   0   0   3.385530000000E+04   0.000000000000E+00   0.000000000000E+00   0.000000000000E+00   0.000000000000E+00   0.000000000000E+00
   0
 SiO2_cristobalite
   1   1   1.000000   0.000000   2.000000
  6000.0000   -9.440069891327E+05   4.674790706780E+02   -7.275000000000E+01   -6.500000000000E-04   0.000000000000E+00   2.066000000000E+06
 Al2O3_corundum
   1   1   0.000000   2.000000   3.000000
  6000.0000   -1.722268916626E+06   7.426646675241E+02   -1.150182000000E+02   -5.899440000000E-03   0.000000000000E+00   1.753095000000E+06
 Al6Si2O13
   4   1   2.000000   6.000000   13.000000
  6000.0000   -6.827364841275E+06   5.551342915367E+03   -7.546000000000E+02   1.471500000000E-02   0.000000000000E+00   1.727000000000E+06
   1   -2.630400000000E+04   5.000000000000E-01
