 System CaO-AlO1.5  open oxide-slag database v0.1 (provenance: Rankin&Wright 1915 invariants + Coughlin 1956/Geiger 1988 calorimetry + Barin 1995/CODATA endmembers; see PROVENANCE.md)
    3    1    2    6
 Ca                       Al                       O
   40.078000000              26.982000000              15.999400000
    6   1   2   3   4   5   6
    6   1   2   3   4   5   6
 CaO-AlO1.5-liquid
 SUBQ
   2   2
 CaO
   1   1   1.0   0.0   1.0
  6000.0000   -5.743003566123E+05   2.872087893741E+02   -5.185000000000E+01   -1.222000000000E-03   0.000000000000E+00   4.670000000000E+05
  1.00000   1.00000   0.00000   0.00000   0.00000
  1.3774438
 AlO1.5
   1   1   0.0   1.0   1.5
  6000.0000   -8.055919583128E+05   3.474636186782E+02   -5.750910000000E+01   -2.949720000000E-03   0.000000000000E+00   8.765475000000E+05
  1.00000   1.50000   0.00000   0.00000   0.00000
  1.3774438
   2   1
 Ca+2                     Al+3
 O
  2.00000      3.00000
   1   1
  2.00000
   1
   1   2
   1   1
   1   1   3   3   1.3774438   1.3774438   1.3774438   1.3774438
   2   2   3   3   2.0661657   2.0661657   1.3774438   1.3774438
   1
 Q   1   2   3   3   0   0   0   0
  0.00000000   0.00000000   0.00000000   0.00000000   0.00000000   0.00000000
  0.00000000   0.00000000   0.00000000   0.00000000   0.00000000   0.00000000
   0   0   -1.565811000000E+05   2.159000000000E+00   0.000000000000E+00   0.000000000000E+00   0.000000000000E+00   0.000000000000E+00
   1
 Q   1   2   3   3   1   0   0   0
  0.00000000   0.00000000   0.00000000   0.00000000   0.00000000   0.00000000
  0.00000000   0.00000000   0.00000000   0.00000000   0.00000000   0.00000000
   0   0   1.334682000000E+05   0.000000000000E+00   0.000000000000E+00   0.000000000000E+00   0.000000000000E+00   0.000000000000E+00
   0
 CaO_solid
   1   1   1.000000   0.000000   1.000000
  6000.0000   -6.538003566123E+05   3.151525503583E+02   -5.185000000000E+01   -1.222000000000E-03   0.000000000000E+00   4.670000000000E+05
 Al2O3_corundum
   1   1   0.000000   2.000000   3.000000
  6000.0000   -1.722268916626E+06   7.426646675241E+02   -1.150182000000E+02   -5.899440000000E-03   0.000000000000E+00   1.753095000000E+06
 Ca3Al2O6
   1   1   3.000000   2.000000   6.000000
  6000.0000   -3.681889381355E+06   1.545095425911E+03   -2.558949300000E+02   -1.566821000000E-02   0.000000000000E+00   2.468608530500E+06
 Ca12Al14O33
   1   1   12.000000   14.000000   33.000000
  6000.0000   -1.989688184573E+07   7.626768871200E+03   -1.263401703000E+03   -1.370254700000E-01   0.000000000000E+00   1.156881108050E+07
 CaAl2O4
   1   1   1.000000   2.000000   4.000000
  6000.0000   -2.383419418011E+06   9.207641737282E+02   -1.506240000000E+02   -1.246933000000E-02   0.000000000000E+00   1.665232000000E+06
 CaAl4O7
   1   1   1.000000   4.000000   7.000000
  6000.0000   -4.112328797910E+06   1.599691215622E+03   -2.582350220000E+02   -2.004213000000E-02   0.000000000000E+00   3.200701754000E+06
