 System FeO-MgO-SiO2  open iron-magnesium-silicate slag database v0.1 (provenance: data/feo-mgo-sio2/PROVENANCE.md)
    4    1    3    0
 Fe                       Mg                       Si                       O
   55.845000000              24.305000000              28.085000000              15.999400000
    6   1   2   3   4   5   6
    6   1   2   3   4   5   6
 FeO-MgO-SiO2-liquid
 SUBQ
   3   3
 FeO
   1   2   1.0   0.0   0.0   1.0
  1650.0000   -1.492857754984E+05   1.985030345860E+02   -5.066300000000E+01   -4.355641500000E-03   0.000000000000E+00   1.566905000000E+05
  6000.0000   -2.645294463544E+05   2.683476835896E+02   -5.066300000000E+01   -4.355641500000E-03   0.000000000000E+00   1.566905000000E+05
  1.00000   1.00000   0.00000   0.00000   0.00000
  1.3774438
 MgO
   1   1   0.0   1.0   0.0   1.0
  6000.0000   -5.427740320865E+05   2.787019512008E+02   -4.824250000000E+01   -1.953009500000E-03   0.000000000000E+00   5.541000000000E+05
  1.00000   1.00000   0.00000   0.00000   0.00000
  1.3774438
 SiO2
   1   1   0.0   0.0   1.0   2.0
  6000.0000   -9.344259891327E+05   4.626789704776E+02   -7.275000000000E+01   -6.500000000000E-04   0.000000000000E+00   2.066000000000E+06
  1.00000   2.00000   0.00000   0.00000   0.00000
  1.3774438
   3   1
 Fe+2                     Mg+2                     Si+4
 O
  2.00000      2.00000      4.00000
   1   1   1
  2.00000
   1
   1   2   3
   1   1   1
   1   1   4   4   1.3774438   1.3774438   1.3774438   1.3774438
   2   2   4   4   1.3774438   1.3774438   1.3774438   1.3774438
   3   3   4   4   2.7548876   2.7548876   1.3774438   1.3774438
   1
 Q   1   3   4   4   0   0   0   0
  0.00000000   0.00000000   0.00000000   0.00000000   0.00000000   0.00000000
  0.00000000   0.00000000   0.00000000   0.00000000   0.00000000   0.00000000
   0   0   -4.283942808976E+04   1.782976580112E+01   0.000000000000E+00   0.000000000000E+00   0.000000000000E+00   0.000000000000E+00
   1
 Q   2   3   4   4   0   0   0   0
  0.00000000   0.00000000   0.00000000   0.00000000   0.00000000   0.00000000
  0.00000000   0.00000000   0.00000000   0.00000000   0.00000000   0.00000000
   0   0   -4.446880000000E+04   -1.600000000000E+00   0.000000000000E+00   0.000000000000E+00   0.000000000000E+00   0.000000000000E+00
   1
 Q   2   3   4   4   0   1   0   0
  0.00000000   0.00000000   0.00000000   0.00000000   0.00000000   0.00000000
  0.00000000   0.00000000   0.00000000   0.00000000   0.00000000   0.00000000
   0   0   -5.086420000000E+04   -3.000000000000E-01   0.000000000000E+00   0.000000000000E+00   0.000000000000E+00   0.000000000000E+00
   1
 Q   2   3   4   4   0   3   0   0
  0.00000000   0.00000000   0.00000000   0.00000000   0.00000000   0.00000000
  0.00000000   0.00000000   0.00000000   0.00000000   0.00000000   0.00000000
   0   0   1.448200000000E+03   -7.000000000000E-01   0.000000000000E+00   0.000000000000E+00   0.000000000000E+00   0.000000000000E+00
   1
 Q   2   3   4   4   0   5   0   0
  0.00000000   0.00000000   0.00000000   0.00000000   0.00000000   0.00000000
  0.00000000   0.00000000   0.00000000   0.00000000   0.00000000   0.00000000
   0   0   1.160564000000E+05   -1.080000000000E+01   0.000000000000E+00   0.000000000000E+00   0.000000000000E+00   0.000000000000E+00
   1
 Q   2   3   4   4   0   7   0   0
  0.00000000   0.00000000   0.00000000   0.00000000   0.00000000   0.00000000
  0.00000000   0.00000000   0.00000000   0.00000000   0.00000000   0.00000000
   0   0   -1.177500000000E+03   -3.000000000000E-01   0.000000000000E+00   0.000000000000E+00   0.000000000000E+00   0.000000000000E+00
   0
