 System KCl-MgCl2  open oxide-slag database v0.1 (provenance: TKV endmembers + invariants (Perry&Fletcher 1993, Xu 2018); KMgCl3 dHf_ox own-fitted; see PROVENANCE.md)
    3    1    2    3
 K                       Mg                       Cl
   39.098000000              24.305000000              35.453000000
    6   1   2   3   4   5   6
    6   1   2   3   4   5   6
 KCl-MgCl2-liquid
 SUBQ
   2   2
 KCl
   1   1   1.0   0.0   1.0
  6000.0000   -4.224334810225E+05   1.694367694345E+02   -4.052540000000E+01   -1.249404000000E-02   0.000000000000E+00   -1.491950000000E+05
  1.00000   1.00000   0.00000   0.00000   0.00000
  1.3774438
 MgCl2
   1   1   0.0   1.0   2.0
  6000.0000   -6.275094567240E+05   3.885763792485E+02   -7.690000000000E+01   -4.248000000000E-03   0.000000000000E+00   3.731500000000E+05
  1.00000   2.00000   0.00000   0.00000   0.00000
  1.3774438
   2   1
 K+1                     Mg+2
 Cl
  1.00000      2.00000
   1   1
  1.00000
   1
   1   2
   1   1
   1   1   3   3   6.0000000   6.0000000   6.0000000   6.0000000
   2   2   3   3   6.0000000   6.0000000   3.0000000   3.0000000
   1
 Q   1   2   3   3   0   0   0   0
  0.00000000   0.00000000   0.00000000   0.00000000   0.00000000   0.00000000
  0.00000000   0.00000000   0.00000000   0.00000000   0.00000000   0.00000000
   0   0   -1.589500000000E+04   0.000000000000E+00   0.000000000000E+00   0.000000000000E+00   0.000000000000E+00   0.000000000000E+00
   1
 Q   1   2   3   3   1   0   0   0
  0.00000000   0.00000000   0.00000000   0.00000000   0.00000000   0.00000000
  0.00000000   0.00000000   0.00000000   0.00000000   0.00000000   0.00000000
   0   0   -8.850000000000E+01   0.000000000000E+00   0.000000000000E+00   0.000000000000E+00   0.000000000000E+00   0.000000000000E+00
   0
 KCl_solid
   1   1   1.000000   0.000000   1.000000
  6000.0000   -4.487504810225E+05   1.946446238406E+02   -4.052540000000E+01   -1.249404000000E-02   0.000000000000E+00   -1.491950000000E+05
 MgCl2_solid
   1   1   0.000000   1.000000   2.000000
  6000.0000   -6.706044567240E+05   4.322389932303E+02   -7.690000000000E+01   -4.248000000000E-03   0.000000000000E+00   3.731500000000E+05
 KMgCl3
   1   1   1.000000   1.000000   3.000000
  6000.0000   -1.122214237746E+06   6.006836170709E+02   -1.174254000000E+02   -1.674204000000E-02   0.000000000000E+00   2.239550000000E+05
