 System CaO-AlO1.5-SiO2  open oxide-slag database v0.2 (provenance: three shipped binaries (Muggianu) + one ternary term fitted to the Zaitsev KEMS activities; see PROVENANCE.md)
    4    1    3    14
 Ca                       Al                       Si                       O
   40.078000000              26.982000000              28.085000000              15.999400000
    6   1   2   3   4   5   6
    6   1   2   3   4   5   6
 CaO-AlO1.5-SiO2-liquid
 SUBQ
   3   3
 CaO
   1   1   1.0   0.0   0.0   1.0
  6000.0000   -5.743003566123E+05   2.872087893741E+02   -5.185000000000E+01   -1.222000000000E-03   0.000000000000E+00   4.670000000000E+05
  1.00000   1.00000   0.00000   0.00000   0.00000
  1.3774438
 AlO1.5
   1   1   0.0   1.0   0.0   1.5
  6000.0000   -8.055919583128E+05   3.474636186782E+02   -5.750910000000E+01   -2.949720000000E-03   0.000000000000E+00   8.765475000000E+05
  1.00000   1.50000   0.00000   0.00000   0.00000
  1.3774438
 SiO2
   1   1   0.0   0.0   1.0   2.0
  6000.0000   -9.344259891327E+05   4.626789704776E+02   -7.275000000000E+01   -6.500000000000E-04   0.000000000000E+00   2.066000000000E+06
  1.00000   2.00000   0.00000   0.00000   0.00000
  1.3774438
   3   1
 Ca+2                     Al+3                     Si+4
 O
  2.00000      3.00000      4.00000
   1   1   1
  2.00000
   1
   1   2   3
   1   1   1
   1   1   4   4   1.3774438   1.3774438   1.3774438   1.3774438
   2   2   4   4   2.0661657   2.0661657   1.3774438   1.3774438
   3   3   4   4   2.7548876   2.7548876   1.3774438   1.3774438
   1
 Q   1   3   4   4   0   0   0   0
  0.00000000   0.00000000   0.00000000   0.00000000   0.00000000   0.00000000
  0.00000000   0.00000000   0.00000000   0.00000000   0.00000000   0.00000000
   0   0   -1.897635120000E+05   1.570598470000E+01   0.000000000000E+00   0.000000000000E+00   0.000000000000E+00   0.000000000000E+00
   1
 Q   1   3   4   4   1   0   0   0
  0.00000000   0.00000000   0.00000000   0.00000000   0.00000000   0.00000000
  0.00000000   0.00000000   0.00000000   0.00000000   0.00000000   0.00000000
   0   0   5.717077900000E+04   0.000000000000E+00   0.000000000000E+00   0.000000000000E+00   0.000000000000E+00   0.000000000000E+00
   1
 Q   1   3   4   4   0   0   1   0
  0.00000000   0.00000000   0.00000000   0.00000000   0.00000000   0.00000000
  0.00000000   0.00000000   0.00000000   0.00000000   0.00000000   0.00000000
   2   0   -1.100000000000E+05   0.000000000000E+00   0.000000000000E+00   0.000000000000E+00   0.000000000000E+00   0.000000000000E+00
   1
 Q   1   2   4   4   0   0   0   0
  0.00000000   0.00000000   0.00000000   0.00000000   0.00000000   0.00000000
  0.00000000   0.00000000   0.00000000   0.00000000   0.00000000   0.00000000
   0   0   -1.565811000000E+05   2.159000000000E+00   0.000000000000E+00   0.000000000000E+00   0.000000000000E+00   0.000000000000E+00
   1
 Q   1   2   4   4   1   0   0   0
  0.00000000   0.00000000   0.00000000   0.00000000   0.00000000   0.00000000
  0.00000000   0.00000000   0.00000000   0.00000000   0.00000000   0.00000000
   0   0   1.334682000000E+05   0.000000000000E+00   0.000000000000E+00   0.000000000000E+00   0.000000000000E+00   0.000000000000E+00
   1
 Q   3   2   4   4   0   0   0   0
  0.00000000   0.00000000   0.00000000   0.00000000   0.00000000   0.00000000
  0.00000000   0.00000000   0.00000000   0.00000000   0.00000000   0.00000000
   0   0   9.317300000000E+03   0.000000000000E+00   0.000000000000E+00   0.000000000000E+00   0.000000000000E+00   0.000000000000E+00
   1
 Q   3   2   4   4   5   0   0   0
  0.00000000   0.00000000   0.00000000   0.00000000   0.00000000   0.00000000
  0.00000000   0.00000000   0.00000000   0.00000000   0.00000000   0.00000000
   0   0   3.385530000000E+04   0.000000000000E+00   0.000000000000E+00   0.000000000000E+00   0.000000000000E+00   0.000000000000E+00
   0
 CaO_solid
   1   1   1.000000   0.000000   0.000000   1.000000
  6000.0000   -6.538003566123E+05   3.151525503583E+02   -5.185000000000E+01   -1.222000000000E-03   0.000000000000E+00   4.670000000000E+05
 SiO2_cristobalite
   1   1   0.000000   0.000000   1.000000   2.000000
  6000.0000   -9.440069891327E+05   4.674790706780E+02   -7.275000000000E+01   -6.500000000000E-04   0.000000000000E+00   2.066000000000E+06
 Al2O3_corundum
   1   1   0.000000   2.000000   0.000000   3.000000
  6000.0000   -1.722268916626E+06   7.426646675241E+02   -1.150182000000E+02   -5.899440000000E-03   0.000000000000E+00   1.753095000000E+06
 CaSiO3
   1   1   1.000000   0.000000   1.000000   3.000000
  6000.0000   -1.682030065745E+06   7.789316210362E+02   -1.246000000000E+02   -1.872000000000E-03   0.000000000000E+00   2.533000000000E+06
 Ca3Si2O7
   1   1   3.000000   0.000000   2.000000   7.000000
  6000.0000   -4.083151808102E+06   1.870915792431E+03   -3.010500000000E+02   -4.966000000000E-03   0.000000000000E+00   5.533000000000E+06
 Ca2SiO4
   1   1   2.000000   0.000000   1.000000   4.000000
  6000.0000   -2.390724502357E+06   1.096884171394E+03   -1.764500000000E+02   -3.094000000000E-03   0.000000000000E+00   3.000000000000E+06
 Ca3SiO5
   1   1   3.000000   0.000000   1.000000   5.000000
  6000.0000   -3.020592378970E+06   1.402036721753E+03   -2.283000000000E+02   -4.316000000000E-03   0.000000000000E+00   3.467000000000E+06
 Ca3Al2O6
   1   1   3.000000   2.000000   0.000000   6.000000
  6000.0000   -3.681889381355E+06   1.545095425911E+03   -2.558949300000E+02   -1.566821000000E-02   0.000000000000E+00   2.468608530500E+06
 Ca12Al14O33
   1   1   12.000000   14.000000   0.000000   33.000000
  6000.0000   -1.989688184573E+07   7.626768871200E+03   -1.263401703000E+03   -1.370254700000E-01   0.000000000000E+00   1.156881108050E+07
 CaAl2O4
   1   1   1.000000   2.000000   0.000000   4.000000
  6000.0000   -2.383419418011E+06   9.207641737282E+02   -1.506240000000E+02   -1.246933000000E-02   0.000000000000E+00   1.665232000000E+06
 CaAl4O7
   1   1   1.000000   4.000000   0.000000   7.000000
  6000.0000   -4.112328797910E+06   1.599691215622E+03   -2.582350220000E+02   -2.004213000000E-02   0.000000000000E+00   3.200701754000E+06
 Al6Si2O13
   4   1   0.000000   6.000000   2.000000   13.000000
  6000.0000   -6.827364841275E+06   5.551342915367E+03   -7.546000000000E+02   1.471500000000E-02   0.000000000000E+00   1.727000000000E+06
   1   -2.630400000000E+04   5.000000000000E-01
 Ca2Al2SiO7
   4   1   2.000000   2.000000   1.000000   7.000000
  6000.0000   -4.000017452626E+06   2.879317831883E+03   -4.057000000000E+02   3.549500000000E-03   0.000000000000E+00   5.940000000000E+05
   1   -1.269600000000E+04   5.000000000000E-01
 CaAl2Si2O8
   1   1   1.000000   2.000000   2.000000   8.000000
  6000.0000   -4.338103897104E+06   1.639886038455E+03   -2.664025000000E+02   -3.029278000000E-02   0.000000000000E+00   3.277140000000E+06
