 System CaO-FeO-MgO-SiO2 combined liquid + ol/opx/cpx + oxide solids (multiphase melting; provenance data/cao-feo-mgo-sio2/PROVENANCE.md)
    5    4    4    2    2    2    4
 Ca                       Fe                       Mg                       Si                       O
   40.078000000              55.845000000              24.305000000              28.085000000              15.999400000
    6   1   2   3   4   5   6
    6   1   2   3   4   5   6
 CaO-FeO-MgO-SiO2-liquid
 SUBQ
   4   4
 CaO
   1   1   1.0   0.0   0.0   0.0   1.0
  6000.0000   -5.743003566123E+05   2.872087893741E+02   -5.185000000000E+01   -1.222000000000E-03   0.000000000000E+00   4.670000000000E+05
  1.00000   1.00000   0.00000   0.00000   0.00000
  1.3774438
 FeO
   1   2   0.0   1.0   0.0   0.0   1.0
  1650.0000   -1.492857754984E+05   1.985030345860E+02   -5.066300000000E+01   -4.355641500000E-03   0.000000000000E+00   1.566905000000E+05
  6000.0000   -2.645294463544E+05   2.683476835896E+02   -5.066300000000E+01   -4.355641500000E-03   0.000000000000E+00   1.566905000000E+05
  1.00000   1.00000   0.00000   0.00000   0.00000
  1.3774438
 MgO
   1   2   0.0   0.0   1.0   0.0   1.0
  3098.0000   -5.519917705555E+05   2.816773348254E+02   -4.824250000000E+01   -1.953009500000E-03   0.000000000000E+00   5.541000000000E+05
  6000.0000   -5.427740320865E+05   2.787019512008E+02   -4.824250000000E+01   -1.953009500000E-03   0.000000000000E+00   5.541000000000E+05
  1.00000   1.00000   0.00000   0.00000   0.00000
  1.3774438
 SiO2
   1   1   0.0   0.0   0.0   1.0   2.0
  6000.0000   -9.344259891327E+05   4.626789704776E+02   -7.275000000000E+01   -6.500000000000E-04   0.000000000000E+00   2.066000000000E+06
  1.00000   2.00000   0.00000   0.00000   0.00000
  1.3774438
   4   1
 Ca+2                     Fe+2                     Mg+2                     Si+4
 O
  2.00000      2.00000      2.00000      4.00000
   1   1   1   1
  2.00000
   1
   1   2   3   4
   1   1   1   1
   1   1   5   5   1.3774438   1.3774438   1.3774438   1.3774438
   2   2   5   5   1.3774438   1.3774438   1.3774438   1.3774438
   3   3   5   5   1.3774438   1.3774438   1.3774438   1.3774438
   4   4   5   5   2.7548876   2.7548876   1.3774438   1.3774438
   1
 Q   1   4   5   5   0   0   0   0
  0.00000000   0.00000000   0.00000000   0.00000000   0.00000000   0.00000000
  0.00000000   0.00000000   0.00000000   0.00000000   0.00000000   0.00000000
   0   0   -1.897635120000E+05   1.570598470000E+01   0.000000000000E+00   0.000000000000E+00   0.000000000000E+00   0.000000000000E+00
   1
 Q   1   4   5   5   1   0   0   0
  0.00000000   0.00000000   0.00000000   0.00000000   0.00000000   0.00000000
  0.00000000   0.00000000   0.00000000   0.00000000   0.00000000   0.00000000
   0   0   5.717077900000E+04   0.000000000000E+00   0.000000000000E+00   0.000000000000E+00   0.000000000000E+00   0.000000000000E+00
   1
 Q   2   4   5   5   0   0   0   0
  0.00000000   0.00000000   0.00000000   0.00000000   0.00000000   0.00000000
  0.00000000   0.00000000   0.00000000   0.00000000   0.00000000   0.00000000
   0   0   -4.283942808976E+04   1.782976580112E+01   0.000000000000E+00   0.000000000000E+00   0.000000000000E+00   0.000000000000E+00
   1
 Q   3   4   5   5   0   0   0   0
  0.00000000   0.00000000   0.00000000   0.00000000   0.00000000   0.00000000
  0.00000000   0.00000000   0.00000000   0.00000000   0.00000000   0.00000000
   0   0   -4.446880000000E+04   -1.600000000000E+00   0.000000000000E+00   0.000000000000E+00   0.000000000000E+00   0.000000000000E+00
   1
 Q   3   4   5   5   0   1   0   0
  0.00000000   0.00000000   0.00000000   0.00000000   0.00000000   0.00000000
  0.00000000   0.00000000   0.00000000   0.00000000   0.00000000   0.00000000
   0   0   -5.086420000000E+04   -3.000000000000E-01   0.000000000000E+00   0.000000000000E+00   0.000000000000E+00   0.000000000000E+00
   1
 Q   3   4   5   5   0   3   0   0
  0.00000000   0.00000000   0.00000000   0.00000000   0.00000000   0.00000000
  0.00000000   0.00000000   0.00000000   0.00000000   0.00000000   0.00000000
   0   0   1.448200000000E+03   -7.000000000000E-01   0.000000000000E+00   0.000000000000E+00   0.000000000000E+00   0.000000000000E+00
   1
 Q   3   4   5   5   0   5   0   0
  0.00000000   0.00000000   0.00000000   0.00000000   0.00000000   0.00000000
  0.00000000   0.00000000   0.00000000   0.00000000   0.00000000   0.00000000
   0   0   1.160564000000E+05   -1.080000000000E+01   0.000000000000E+00   0.000000000000E+00   0.000000000000E+00   0.000000000000E+00
   1
 Q   3   4   5   5   0   7   0   0
  0.00000000   0.00000000   0.00000000   0.00000000   0.00000000   0.00000000
  0.00000000   0.00000000   0.00000000   0.00000000   0.00000000   0.00000000
   0   0   -1.177500000000E+03   -3.000000000000E-01   0.000000000000E+00   0.000000000000E+00   0.000000000000E+00   0.000000000000E+00
   0
 OLIVINE
 SUBL
 FAYALITE
   1   1   0.0   2.0   0.0   1.0   4.0
   6000.0000   -1.5435509474E+06   1.0482576562E+03   -1.7602000000E+02   4.4040000000E-03   -4.1183333333E-06   1.9445000000E+06
 FORSTERITE
   4   1   0.0   0.0   2.0   1.0   4.0
   6000.0000   -2.2442625994E+06   4.3908104261E+02   -8.7360000000E+01   -4.3585000000E-02   3.7283333333E-06   1.8495000000E+06
   1   3.3744000000E+03   5.0000000000E-01
   3
   2.000000   1.000000   4.000000
   2   1   1
   FE   MG
   SI
   O
   1   2
   1   1
   1   1
   4   1   2   3   4
   2
   1.2552000000E+04   0.0000000000E+00   0.0000000000E+00   0.0000000000E+00   0.0000000000E+00   0.0000000000E+00
   4.1840000000E+03   0.0000000000E+00   0.0000000000E+00   0.0000000000E+00   0.0000000000E+00   0.0000000000E+00
   0
 ORTHOPYROXENE
 SUBL
 FE2SI2O6
   1   1   0.0   2.0   0.0   2.0   6.0
   6000.0000   -2.4884723354E+06   1.5224933073E+03   -2.4860000000E+02   -1.4540000000E-02   -0.0000000000E+00   3.3780000000E+06
 MG2SI2O6
   4   2   0.0   0.0   2.0   2.0   6.0
   1360.0000   -2.9796837051E+06   5.4578496284E+03   -7.0140000000E+02   1.4720000000E-01   -1.9420000000E-05   -1.7690000000E+06
   1   -3.4368000000E+04   5.0000000000E-01
   6000.0000   -3.0229479672E+06   5.4896615859E+03   -7.0140000000E+02   1.4720000000E-01   -1.9420000000E-05   -1.7690000000E+06
   1   -3.4368000000E+04   5.0000000000E-01
   3
   2.000000   2.000000   6.000000
   2   1   1
   FE   MG
   SI
   O
   1   2
   1   1
   1   1
   4   1   2   3   4
   1
   7.9496000000E+03   0.0000000000E+00   0.0000000000E+00   0.0000000000E+00   0.0000000000E+00   0.0000000000E+00
   0
 CLINOPYROXENE
 SUBL
 HEDENBERGITE
   4   1   1.0   1.0   0.0   2.0   6.0
   6000.0000   -2.8684903368E+06   2.1614589305E+03   -3.1116110000E+02   -6.0430850000E-03   -2.5608333333E-08   9.1685000000E+05
   1   -8.2088456000E+03   5.0000000000E-01
 DIOPSIDE
   4   1   1.0   0.0   1.0   2.0   6.0
   6000.0000   -3.1701627694E+06   3.5363953680E+03   -4.7030130000E+02   4.9329400000E-02   -4.6885000000E-06   -1.2330000000E+05
   1   -1.9296198400E+04   5.0000000000E-01
   4
   1.000000   1.000000   2.000000   6.000000
   1   2   1   1
   CA
   FE   MG
   SI
   O
   1   1
   1   2
   1   1
   1   1
   5   1   2   3   4   5
   2
   -5.7600000000E+02   0.0000000000E+00   0.0000000000E+00   0.0000000000E+00   0.0000000000E+00   0.0000000000E+00
   3.4417000000E+03   0.0000000000E+00   0.0000000000E+00   0.0000000000E+00   0.0000000000E+00   0.0000000000E+00
   0
 CRISTOBALITE
   1   1   0.000000   0.000000   0.000000   1.000000   2.000000
  6000.0000   -9.440069891327E+05   4.674790706780E+02   -7.275000000000E+01   -6.500000000000E-04   0.000000000000E+00   2.066000000000E+06
 LIME
   1   1   1.000000   0.000000   0.000000   0.000000   1.000000
  6000.0000   -6.538003566123E+05   3.151525503583E+02   -5.185000000000E+01   -1.222000000000E-03   0.000000000000E+00   4.670000000000E+05
 PERICLASE
   1   1   0.000000   0.000000   1.000000   0.000000   1.000000
  6000.0000   -6.197740320865E+05   3.035566961976E+02   -4.824250000000E+01   -1.953009500000E-03   0.000000000000E+00   5.541000000000E+05
 WUSTITE
   1   1   0.000000   1.000000   0.000000   0.000000   1.000000
  6000.0000   -2.885874463544E+05   2.829282896502E+02   -5.066300000000E+01   -4.355641500000E-03   0.000000000000E+00   1.566905000000E+05
