 System CaO-FeO-MgO-SiO2  open calcium-iron-magnesium-silicate slag database v0.1 (provenance: data/cao-feo-mgo-sio2/PROVENANCE.md)
    5    1    4    0
 Ca                       Fe                       Mg                       Si                       O
   40.078000000              55.845000000              24.305000000              28.085000000              15.999400000
    6   1   2   3   4   5   6
    6   1   2   3   4   5   6
 CaO-FeO-MgO-SiO2-liquid
 SUBQ
   4   4
 CaO
   1   1   1.0   0.0   0.0   0.0   1.0
  6000.0000   -5.743003566123E+05   2.872087893741E+02   -5.185000000000E+01   -1.222000000000E-03   0.000000000000E+00   4.670000000000E+05
  1.00000   1.00000   0.00000   0.00000   0.00000
  1.3774438
 FeO
   1   2   0.0   1.0   0.0   0.0   1.0
  1650.0000   -1.492857754984E+05   1.985030345860E+02   -5.066300000000E+01   -4.355641500000E-03   0.000000000000E+00   1.566905000000E+05
  6000.0000   -2.645294463544E+05   2.683476835896E+02   -5.066300000000E+01   -4.355641500000E-03   0.000000000000E+00   1.566905000000E+05
  1.00000   1.00000   0.00000   0.00000   0.00000
  1.3774438
 MgO
   1   2   0.0   0.0   1.0   0.0   1.0
  3098.0000   -5.519917705555E+05   2.816773348254E+02   -4.824250000000E+01   -1.953009500000E-03   0.000000000000E+00   5.541000000000E+05
  6000.0000   -5.427740320865E+05   2.787019512008E+02   -4.824250000000E+01   -1.953009500000E-03   0.000000000000E+00   5.541000000000E+05
  1.00000   1.00000   0.00000   0.00000   0.00000
  1.3774438
 SiO2
   1   1   0.0   0.0   0.0   1.0   2.0
  6000.0000   -9.344259891327E+05   4.626789704776E+02   -7.275000000000E+01   -6.500000000000E-04   0.000000000000E+00   2.066000000000E+06
  1.00000   2.00000   0.00000   0.00000   0.00000
  1.3774438
   4   1
 Ca+2                     Fe+2                     Mg+2                     Si+4
 O
  2.00000      2.00000      2.00000      4.00000
   1   1   1   1
  2.00000
   1
   1   2   3   4
   1   1   1   1
   1   1   5   5   1.3774438   1.3774438   1.3774438   1.3774438
   2   2   5   5   1.3774438   1.3774438   1.3774438   1.3774438
   3   3   5   5   1.3774438   1.3774438   1.3774438   1.3774438
   4   4   5   5   2.7548876   2.7548876   1.3774438   1.3774438
   1
 Q   1   4   5   5   0   0   0   0
  0.00000000   0.00000000   0.00000000   0.00000000   0.00000000   0.00000000
  0.00000000   0.00000000   0.00000000   0.00000000   0.00000000   0.00000000
   0   0   -1.897635120000E+05   1.570598470000E+01   0.000000000000E+00   0.000000000000E+00   0.000000000000E+00   0.000000000000E+00
   1
 Q   1   4   5   5   1   0   0   0
  0.00000000   0.00000000   0.00000000   0.00000000   0.00000000   0.00000000
  0.00000000   0.00000000   0.00000000   0.00000000   0.00000000   0.00000000
   0   0   5.717077900000E+04   0.000000000000E+00   0.000000000000E+00   0.000000000000E+00   0.000000000000E+00   0.000000000000E+00
   1
 Q   2   4   5   5   0   0   0   0
  0.00000000   0.00000000   0.00000000   0.00000000   0.00000000   0.00000000
  0.00000000   0.00000000   0.00000000   0.00000000   0.00000000   0.00000000
   0   0   -4.283942808976E+04   1.782976580112E+01   0.000000000000E+00   0.000000000000E+00   0.000000000000E+00   0.000000000000E+00
   1
 Q   3   4   5   5   0   0   0   0
  0.00000000   0.00000000   0.00000000   0.00000000   0.00000000   0.00000000
  0.00000000   0.00000000   0.00000000   0.00000000   0.00000000   0.00000000
   0   0   -4.446880000000E+04   -1.600000000000E+00   0.000000000000E+00   0.000000000000E+00   0.000000000000E+00   0.000000000000E+00
   1
 Q   3   4   5   5   0   1   0   0
  0.00000000   0.00000000   0.00000000   0.00000000   0.00000000   0.00000000
  0.00000000   0.00000000   0.00000000   0.00000000   0.00000000   0.00000000
   0   0   -5.086420000000E+04   -3.000000000000E-01   0.000000000000E+00   0.000000000000E+00   0.000000000000E+00   0.000000000000E+00
   1
 Q   3   4   5   5   0   3   0   0
  0.00000000   0.00000000   0.00000000   0.00000000   0.00000000   0.00000000
  0.00000000   0.00000000   0.00000000   0.00000000   0.00000000   0.00000000
   0   0   1.448200000000E+03   -7.000000000000E-01   0.000000000000E+00   0.000000000000E+00   0.000000000000E+00   0.000000000000E+00
   1
 Q   3   4   5   5   0   5   0   0
  0.00000000   0.00000000   0.00000000   0.00000000   0.00000000   0.00000000
  0.00000000   0.00000000   0.00000000   0.00000000   0.00000000   0.00000000
   0   0   1.160564000000E+05   -1.080000000000E+01   0.000000000000E+00   0.000000000000E+00   0.000000000000E+00   0.000000000000E+00
   1
 Q   3   4   5   5   0   7   0   0
  0.00000000   0.00000000   0.00000000   0.00000000   0.00000000   0.00000000
  0.00000000   0.00000000   0.00000000   0.00000000   0.00000000   0.00000000
   0   0   -1.177500000000E+03   -3.000000000000E-01   0.000000000000E+00   0.000000000000E+00   0.000000000000E+00   0.000000000000E+00
   0
